4096
8.753590
7.419697
6.520892
7.361943
14.863869
7.504346
5.262052
8.935242
10.672375
9.573534
11.752573
13.541960
9.909186
6.601500
15.257679
10.867915
13.573447
9.768246
13.508266
9.936306
7.537555
18.970772
12.184058
12.701037
5.929441
11.265354
9.069834
10.601875
15.490963
11.998349
8.928552
6.476098
9.996415
20.139427
10.260878
4.816138
5.091549
7.160187
8.070571
7.917729
12.152474
9.075586
7.284199
6.701691
10.057505
6.376628
12.466066
6.735784
8.844030
8.828210
4.587728
7.325476
11.333598
9.771134
13.613003
8.766327
8.874756
8.805463
6.930621
8.100855
12.985170
9.604531
7.391373
9.258364
14.506443
7.948518
7.262754
19.839209
10.654705
7.217773
12.341964
4.081585
10.741112
11.140098
10.249100
12.602125
11.151551
8.662397
13.270599
14.139834
9.457196
9.005762
9.738496
12.469175
11.192245
11.743661
6.805455
10.653135
11.358755
7.024992
9.219638
15.896393
8.239101
6.456198
8.839341
8.912904
15.558153
8.970161
8.349113
10.550653
11.111901
6.276243
7.540705
8.703821
2.976100
14.067002
12.870059
9.576764
5.571511
15.560241
9.795874
9.571179
11.053885
8.949979
10.754636
5.360815
8.827647
5.348157
6.364851
9.653083
10.719610
13.144215
10.488115
6.111925
9.666822
12.785204
10.796878
12.855244
7.675193
13.866945
9.590811
13.199323
9.670280
3.813948
4.326828
9.917327
11.003315
12.586218
11.132233
12.469202
12.735673
9.216184
4.453167
6.229929
11.827006
6.841994
10.098984
10.635751
7.053994
4.437535
7.839697
8.898421
9.601963
18.141600
3.796242
5.938719
10.186882
8.842338
8.247147
11.884199
12.672497
7.427875
16.673203
9.991599
10.024173
8.284183
15.032577
12.317290
8.957644
8.809875
5.780046
7.328818
10.750129
8.797853
5.008500
19.333723
8.717754
6.790169
12.896327
7.191177
8.032684
8.000531
7.107595
5.288322
9.305023
10.529509
5.749810
8.342440
13.617864
14.143408
13.795942
7.764970
10.158205
8.785211
8.738463
8.213429
9.809894
11.694684
16.474662
16.432460
11.397924
11.655217
4.338506
5.842901
14.996061
12.418623
6.751798
7.512316
9.565766
8.404416
9.472752
6.923338
9.497021
7.847032
6.896276
7.808323
6.682929
5.666858
7.937005
12.901712
8.552518
12.369321
11.553743
6.911323
7.763935
10.227319
9.262585
13.300354
10.721670
10.398228
7.872798
11.658597
16.104074
7.551371
12.782789
9.420391
10.249147
10.022095
9.986206
6.474144
6.536182
8.380222
9.003013
10.928157
16.316539
6.200604
12.750786
9.875711
18.376240
8.173572
10.451222
7.895285
10.684475
6.799510
8.421861
12.742900
13.233286
13.169894
9.019386
6.772683
8.367417
13.058421
13.676329
13.016750
10.226128
8.435854
17.329104
8.384761
8.589806
14.770740
13.231321
9.815013
10.157879
4.324901
12.059205
11.010501
10.121334
7.490799
11.374281
6.500683
7.676661
12.610022
10.958878
10.238011
11.949364
11.222942
9.737130
15.979841
9.657793
10.139962
13.251524
7.444706
5.973651
12.404357
12.667747
12.833235
11.802064
6.128120
13.996211
11.592920
9.868648
6.021387
9.112244
9.550440
4.445158
6.902451
5.233270
5.509026
12.326056
9.959053
5.750788
12.972289
8.389845
10.193141
8.978079
17.425366
8.166210
7.820684
10.102259
12.289302
11.822388
13.307078
19.752834
13.728284
6.188748
7.496828
11.497427
7.142179
9.175028
6.997007
9.911276
9.018925
6.462986
10.664571
11.318979
16.897422
13.301125
8.820849
9.170179
11.499585
5.641489
5.899182
8.443583
6.022638
11.098223
13.201933
11.014197
10.793710
10.718878
7.138793
13.265703
9.138960
8.771978
15.281786
5.875362
9.018637
17.059842
8.909937
8.257092
9.761177
10.978802
5.431685
17.544033
6.904017
7.938624
12.692710
4.769917
10.966909
11.294613
13.008722
12.409987
8.178523
11.820931
9.811757
5.602882
9.474753
12.379647
7.520250
6.233427
21.189716
7.456818
6.565809
12.073259
10.682765
10.968216
5.484233
17.956438
5.623738
8.194045
11.005161
8.579165
7.946990
4.974184
10.531910
11.227637
7.032999
8.856596
7.619447
4.987930
8.073275
11.841307
11.446874
9.187094
11.794450
11.447699
13.546439
5.022599
9.472950
8.580665
2.914425
8.802444
10.983378
7.571469
11.647196
4.307156
10.347390
9.961009
10.650136
6.976148
6.325995
7.129896
8.299040
8.184097
11.691048
5.785450
4.754405
13.016026
6.942996
11.471273
5.299811
9.406953
12.525196
16.913979
10.995492
7.851131
10.939325
7.935937
8.181805
13.883358
6.788059
9.148067
7.216885
14.163363
9.044480
7.453030
8.514854
15.218258
9.307794
12.437714
12.246471
5.756004
9.384844
7.666574
7.361324
10.349635
9.746337
7.033135
10.060501
6.998431
10.927750
9.790751
10.010326
9.088178
8.695948
12.096192
16.168966
19.102440
10.200100
7.653106
7.663884
12.682422
12.731410
8.473032
12.360091
13.845432
10.589107
10.848558
9.321284
16.927171
7.788917
7.829226
10.610538
6.719303
8.410476
11.823720
16.275739
10.185614
13.709611
11.916213
8.474668
11.569092
6.722643
8.409033
8.613355
3.684703
16.650712
12.784340
10.240403
9.969472
8.612310
8.247941
19.901283
10.071208
14.308162
5.364219
6.671190
13.501734
18.704995
10.103123
8.575685
7.478573
9.911809
7.607449
13.765847
11.256222
12.634449
11.062406
7.130103
9.877909
10.602348
10.940538
10.562908
7.453152
14.742125
16.984403
8.928448
7.406532
10.809281
11.401128
13.097688
14.467602
9.155006
12.072579
6.864427
9.308742
6.976953
12.231731
15.680594
6.077488
9.537709
14.355243
5.198401
13.870222
6.241438
5.419196
12.477741
4.862750
8.757690
12.799162
14.335856
8.623788
15.130546
11.274165
12.172536
11.565208
13.659203
11.782464
7.133889
15.531680
8.738512
8.836322
9.253690
11.171260
8.770689
11.140764
4.632240
10.419120
6.217502
11.699507
10.948582
8.200387
7.681945
19.042833
11.822628
14.458280
10.330219
11.347574
9.530544
7.837114
20.638150
11.489960
13.238169
11.839264
10.449214
4.178169
11.016805
8.774246
7.117506
7.581108
8.413516
14.467753
16.492090
5.819091
12.872967
10.173440
11.770993
7.968508
8.336501
12.073256
10.194365
15.928017
7.965990
12.298236
11.997424
9.546461
7.413513
9.686366
7.244763
9.386587
13.877712
11.446461
6.959333
8.624908
14.464784
12.650845
10.699388
13.360447
12.657050
8.433242
9.779725
16.284665
20.883217
11.529417
20.877256
7.411944
6.116245
10.536812
14.858739
12.833231
11.871325
10.162289
8.193851
14.449069
9.835677
7.829924
9.433979
18.172186
12.069295
11.079741
6.652884
8.461577
6.861720
16.345730
9.639653
13.911087
10.954427
8.964629
15.899629
6.380908
9.383071
9.001071
8.703157
8.575772
10.218905
9.199899
11.162678
11.725616
11.647728
5.119872
5.257745
7.865317
9.793627
7.835846
12.308765
10.637702
10.099116
7.989234
9.510408
14.223951
8.888384
7.998464
13.088441
12.288712
8.015980
10.946418
11.089728
10.152684
9.117267
12.731402
11.470856
8.583512
10.356207
10.233530
9.328140
11.516117
9.195887
10.435887
8.787189
16.215517
12.466234
8.099067
9.357104
5.681251
7.495948
4.273287
9.668613
10.979044
12.593822
5.412982
8.810784
9.480980
10.240956
11.966523
14.810028
9.784558
10.139152
15.220890
17.359113
9.702405
5.205478
10.364196
7.001152
9.890456
12.278936
8.953964
11.687287
10.555232
10.216497
7.909046
10.831884
8.743755
8.943805
8.684211
9.268073
8.351541
7.233001
8.149512
7.630500
6.394091
10.764009
13.560066
8.498979
8.634279
6.646255
7.541757
4.563097
17.314204
8.215750
8.289704
7.082236
9.553802
4.876155
8.959164
13.868395
11.008935
9.927231
8.116382
7.257577
12.101750
8.514398
10.991738
12.999382
7.825332
9.422406
5.916111
14.256581
7.851237
8.825714
10.098075
9.925565
8.564967
8.814745
12.326754
7.960629
11.428328
10.007867
7.064365
13.658589
10.240513
11.599317
9.725156
4.621462
8.705821
8.971148
7.134898
9.961616
13.789925
8.556458
11.056469
12.945159
9.563328
11.385601
11.918705
8.727022
4.217757
13.905989
10.721273
7.157956
8.214239
9.043903
5.554538
8.995270
8.874824
11.476829
10.123299
7.260434
10.602543
9.624310
7.035895
13.484684
9.713731
11.288255
15.504118
10.513619
4.356230
10.847588
12.155676
8.077580
12.977790
16.821937
8.543448
4.775395
9.910562
12.354013
12.381409
9.522527
6.261983
8.399024
16.372467
8.355113
15.262593
10.196657
5.906162
10.595708
7.107696
7.772413
8.052221
8.625074
11.060852
7.829974
11.325761
5.421382
9.541605
10.201051
5.600099
9.221692
14.363538
10.093915
12.446409
10.820718
5.684406
8.969743
7.303799
18.801527
11.448010
17.206320
9.244209
9.649319
9.101049
10.453333
6.403109
13.139450
11.744565
10.345722
9.644501
12.875791
8.618125
9.509480
8.366631
10.286409
9.883487
5.357712
9.407159
14.937581
9.313880
12.196463
11.137139
9.423744
7.775599
6.573623
5.678120
9.203178
9.111966
6.763794
8.911760
10.836350
13.436632
9.324297
16.329938
8.893314
10.802086
8.893580
13.307142
10.151165
6.459552
6.291153
5.464841
12.152177
6.840832
9.337209
8.306139
9.166042
6.875016
6.043998
8.327758
14.046204
9.558745
6.338599
12.967176
9.137749
12.609168
10.301765
9.204349
8.577989
10.550465
9.006058
5.673403
2.915575
6.901230
13.156385
8.360948
8.938417
5.677259
12.308976
11.900730
7.175205
11.076856
11.580693
6.437414
7.973156
5.591258
10.221224
15.166726
11.806883
12.796943
12.448587
9.278717
23.187726
18.825805
10.340349
8.116840
9.184809
12.634866
4.991684
7.001332
9.171838
8.990421
6.469704
4.498154
11.882585
11.310635
13.085817
7.679246
9.817899
14.923434
9.965485
11.343395
9.283160
9.998678
12.163758
7.092488
6.920311
10.715073
13.502901
8.179828
10.113590
4.588210
5.601408
12.750818
8.537234
10.056224
14.497195
10.199790
10.966885
12.743732
11.322008
8.542538
10.623784
11.678444
7.854840
6.484679
7.726359
4.523797
7.442817
7.243146
7.034798
8.880208
8.125044
11.479987
8.829887
4.498602
10.868206
11.993767
13.249545
11.658482
6.645776
10.258353
7.411266
22.177340
16.950673
8.034033
9.013016
14.564615
17.422586
8.058522
10.628336
13.901304
8.593753
12.132112
13.647559
11.208600
14.671993
9.668991
4.060556
21.295613
10.586830
10.911469
9.353666
7.264544
9.432559
14.867719
6.933124
11.376869
17.280796
11.510975
8.652258
13.612808
16.986103
9.328343
13.492667
9.403380
8.266785
12.440088
11.396068
7.250936
10.490475
14.731450
9.926491
16.693632
5.612639
9.990311
11.282124
6.052030
8.579084
11.100743
9.033583
16.455707
14.002264
12.775720
14.127405
4.540607
7.777695
7.256847
11.644483
9.303361
9.846746
6.210389
9.029290
13.091835
14.321393
7.220059
14.636540
9.280753
5.667686
9.737867
8.663289
11.066136
15.677097
13.008945
9.925773
13.872411
14.374464
6.696920
12.141971
10.745130
10.153807
6.459445
10.023929
6.919903
12.660013
9.406781
6.641799
12.352321
7.884289
9.893354
8.430959
11.957560
16.511047
5.437141
10.511377
8.030261
13.744328
10.441212
7.330868
10.784143
9.103669
7.162705
14.673443
11.319584
10.305106
7.882819
7.300584
6.597061
12.356301
9.603283
16.426126
9.124065
19.362938
8.027095
12.347579
7.388172
9.662181
10.065140
6.190989
5.568258
8.732860
8.090054
13.328217
4.945529
12.552362
7.642994
10.101449
6.831624
12.949837
6.461714
7.292333
11.227994
11.017847
7.006493
7.331830
6.696976
13.048948
9.213490
7.890385
10.479494
8.035112
12.554973
8.940156
7.112318
14.690701
7.273270
8.919100
7.377219
11.192600
10.716381
5.925297
4.703362
16.996887
9.645154
11.403889
9.712570
7.345475
7.522053
8.553408
14.448863
8.216755
8.266262
11.231579
7.333044
7.633118
13.443751
16.411473
11.823639
14.391448
9.742462
7.903218
10.825159
10.084058
9.643162
8.298709
8.630935
7.382601
9.833068
10.563642
12.115412
6.103111
11.314453
7.030838
9.769669
10.543638
15.223426
5.222423
7.059604
7.947264
7.371076
12.957596
11.940845
9.228037
17.579992
9.087278
7.351671
16.015471
7.675982
12.062207
11.750501
9.265524
11.430489
7.682691
10.181855
10.071361
9.308137
9.549059
12.675168
7.279951
13.853080
7.760133
9.984824
7.546709
10.151403
10.692513
14.386345
5.568131
7.952479
10.365183
3.220333
8.641749
11.028491
11.907252
6.900497
11.218301
7.148509
10.673927
12.476743
8.951640
17.151427
9.931892
11.305192
10.427138
12.834514
14.614906
4.885558
7.072458
8.598362
10.466364
7.686376
12.349234
5.999442
10.315330
11.880014
9.019896
11.162335
6.743689
10.073789
9.573311
11.641814
12.399165
9.647117
7.076000
6.975512
9.057517
10.793382
12.845030
8.684517
10.590641
9.518533
11.114158
9.821181
10.656840
9.066363
9.349734
10.941689
6.167417
11.728874
5.328900
7.771779
6.179795
10.437768
11.194713
8.969633
11.238819
11.037669
4.224139
7.831670
15.337739
10.227292
9.014602
10.732357
13.469069
8.366407
9.486218
11.095613
7.289124
12.351944
11.828690
12.728446
15.401657
10.013213
8.482608
13.929076
14.278456
8.206912
7.763678
14.997385
8.164196
8.969626
3.189153
8.298915
7.267786
8.133583
6.726916
8.843067
5.869408
10.998729
10.177976
12.356058
19.018928
10.956774
7.117957
17.397561
9.536349
8.868447
8.513244
7.019359
7.987726
10.417596
9.238401
14.130173
9.769446
11.222489
18.208961
12.770723
8.087528
16.510108
7.818391
10.135040
11.406673
7.028388
6.363210
10.875089
7.065355
15.905822
10.807218
10.192436
5.976326
19.536678
4.559728
12.224134
9.182277
6.720089
15.464796
6.424426
6.168019
12.157575
8.620319
17.096081
8.477547
8.821155
8.809191
10.434246
12.348620
13.455842
11.769733
6.489959
5.296227
9.733765
5.242387
8.881404
6.496119
8.909150
9.111803
8.542197
10.643387
8.343531
5.854451
11.675489
12.243961
10.882729
15.219110
11.052476
6.295883
10.715585
11.196599
9.980993
9.740927
9.639463
9.388218
8.232577
12.968117
7.025048
10.425421
9.743788
10.109661
7.725455
12.990989
14.765324
7.934577
14.736773
10.323060
9.766577
6.196815
11.873175
8.982147
9.965109
18.774921
9.137493
7.883995
11.785601
13.596506
9.365930
7.876504
12.258284
15.992991
10.596779
11.220926
6.908047
10.800302
8.480922
10.367018
6.381554
8.584252
5.242182
6.865419
16.370831
7.336617
17.144463
16.050228
9.840318
15.944287
7.829769
7.185850
15.254508
7.491908
7.655372
5.093535
12.269062
9.722390
14.127979
9.148057
9.315832
7.868055
11.054934
10.550269
13.094785
9.465983
10.380310
8.670491
14.899706
17.558969
9.737377
15.605466
8.694359
11.804841
4.633926
5.601116
14.699533
16.936556
8.920475
8.205364
4.010839
10.561852
17.532303
6.927294
12.723325
7.936404
6.562322
7.815835
12.999271
14.505264
10.433089
11.720763
13.210779
11.944940
10.743656
5.388523
8.174316
10.199604
9.765142
6.119091
13.073004
14.073302
14.702561
7.072884
11.612549
6.797593
10.769816
7.121432
9.630130
7.160230
11.991003
9.985933
6.977748
8.574882
10.285676
8.134138
17.836975
7.769621
8.942765
16.526778
6.481928
5.837336
9.113373
10.835887
7.361235
9.347225
11.049105
12.589341
6.606177
12.512699
8.615658
7.230095
9.035777
8.199206
8.848999
8.176851
10.971174
7.560516
12.633975
6.052322
7.873419
5.881702
9.350825
7.284202
22.383560
8.592924
10.826023
7.999573
6.541847
5.155588
12.641386
5.706087
10.183151
10.976963
18.173128
8.780492
4.827919
4.582821
8.836524
3.357020
8.140447
9.639586
8.406860
13.923647
7.631251
10.853774
11.729011
6.736617
11.002547
4.816131
14.144235
7.999654
6.835847
10.471934
12.816767
11.857074
6.073725
14.900499
4.298229
9.476185
13.065900
8.385116
10.236146
9.841781
14.038469
8.307144
10.876465
10.758026
7.569575
16.357552
9.067874
12.783786
9.894828
11.921714
4.436339
12.992954
12.750351
14.091524
7.308694
7.803250
14.009844
8.804137
11.919161
9.209375
12.869557
11.265322
9.765564
9.409277
8.124529
16.541679
9.455789
8.267757
9.500604
14.120743
9.838467
5.130236
6.736462
10.492661
7.291839
14.946983
6.898501
11.749752
7.344253
10.324868
6.584664
9.719895
7.833894
7.213360
14.158964
5.225831
13.352544
16.312492
7.509485
13.755474
11.023025
7.993228
6.207207
11.473934
11.800024
8.606546
9.843315
13.591864
12.978608
9.335002
11.394751
12.588614
15.146259
13.914435
12.334955
15.297652
10.320281
6.492445
10.736884
10.098465
10.442326
13.624966
10.058412
8.941069
7.184847
12.604949
13.343707
13.189725
9.519814
14.858337
10.817938
8.764915
15.648081
11.497922
11.162271
10.469196
11.332738
8.491632
9.395240
19.868325
6.702677
9.510161
10.719368
6.504998
6.189856
10.184935
6.667138
9.227914
10.652091
8.972214
14.866524
5.482031
13.675642
10.185853
9.101880
7.952114
7.201497
8.635108
17.562933
6.704317
8.043272
13.820057
13.088950
7.405102
6.046654
11.653439
5.890309
9.722468
12.655388
11.838876
15.870014
9.984571
9.476627
6.330805
7.557283
4.753185
15.647293
6.162982
5.314833
10.654210
13.378040
9.439992
17.584867
8.937964
8.173844
9.339348
10.127078
7.926947
12.950472
11.829584
9.080425
10.839565
7.510470
8.357473
9.571934
6.761157
6.032624
11.680046
21.711047
10.984000
9.590136
6.784446
4.282076
11.096513
10.844166
11.477842
5.371327
7.864457
11.323313
8.896110
15.872539
9.090685
15.173242
13.516080
7.965488
7.222210
8.603721
10.170398
13.602293
6.541258
11.224595
8.438513
9.592219
8.160048
8.142145
11.576182
13.256756
11.925194
12.190996
12.495498
11.720961
6.952340
6.155731
13.547355
11.291223
13.945073
10.606461
13.686343
13.582946
9.697501
12.631762
11.437218
4.870148
13.878175
9.548452
18.356652
7.106974
9.668254
8.727356
7.105529
13.082000
7.858543
8.713041
14.513650
7.978647
10.048407
5.398691
6.185553
12.283463
15.307913
12.582414
14.106927
12.429185
8.442276
6.095311
10.814442
9.892353
8.385643
12.433332
6.670555
11.849827
16.979792
8.069211
10.887282
7.702345
6.969643
11.142997
7.424864
11.893774
7.000535
9.268929
10.472466
5.797199
4.406234
13.993550
8.393504
12.123363
12.849117
9.526967
7.840583
8.507776
8.940337
6.930469
9.735607
14.023272
8.737310
10.848612
13.023112
9.522920
8.274272
7.445145
10.227579
8.431361
11.535826
8.830897
8.788948
11.572493
7.722033
6.779922
9.585888
11.930685
11.120715
12.885222
9.317032
9.145296
10.716042
10.351603
10.703267
12.654317
6.354034
16.590559
13.091086
5.654453
11.487508
10.771606
6.831198
10.099299
9.607966
7.593403
6.365360
9.998061
11.038277
7.195668
11.654864
11.957050
13.086273
8.333214
14.048686
8.015933
12.542779
9.037797
8.835452
8.398005
19.467854
7.822267
7.023003
4.833313
8.142512
9.846256
15.632052
6.305751
10.388557
9.372856
6.962779
10.977372
11.659300
5.340150
6.811810
10.785526
10.158667
10.878803
10.738455
15.449003
7.721613
8.596089
12.654993
5.489493
7.645004
10.416112
9.190045
10.731019
4.514935
9.726448
9.595489
12.631386
14.316931
12.726865
9.875934
6.700939
6.375253
8.685683
6.143464
5.958816
13.618393
10.895857
9.067627
10.196714
7.853246
12.491855
4.737020
7.711640
11.358507
13.665437
10.680952
11.061623
10.012152
13.547406
8.055948
9.548323
9.840128
11.609048
11.463229
8.496260
6.417637
8.407391
7.612543
7.159477
7.670350
14.849783
7.497215
6.599426
11.871459
4.426482
14.646696
12.383926
15.376437
12.580899
9.790632
14.029595
4.683580
8.639496
7.157466
10.907706
11.022838
7.207416
11.969207
14.097889
6.089092
7.062561
8.057901
10.343431
14.101465
9.546235
7.498031
17.884720
7.649681
9.832749
9.472922
10.370643
9.533713
12.348492
9.028631
6.594559
11.456729
10.044290
6.453747
13.874620
11.122506
5.098490
6.453763
8.412611
11.718116
7.868537
6.060468
6.505671
8.126756
9.447270
11.563635
10.275000
6.480108
11.961420
13.545401
16.005907
15.712037
5.793102
12.854111
6.434985
7.765105
7.139720
7.851918
6.106280
4.307811
11.035593
6.962418
6.789612
3.282939
9.528190
5.391642
11.286471
9.592473
5.933231
10.326434
9.648395
8.906089
7.962205
10.493796
18.346661
11.940221
9.549039
9.275571
11.053297
12.766795
16.833060
7.591045
9.677902
8.252652
8.779169
13.210875
8.242338
6.014761
9.038747
7.786489
10.037775
12.652300
4.790609
14.320744
6.274594
7.534646
17.782429
17.079786
7.778139
12.043290
5.784326
7.211325
7.433249
13.165075
11.494277
10.088800
8.075814
8.840960
9.097710
9.811141
7.835884
10.438977
10.565083
11.163690
9.662975
8.381969
13.489258
6.665156
8.517669
12.493457
12.256569
5.276999
9.498810
12.070813
13.898656
7.263675
7.161481
8.470163
11.088897
7.813770
19.183096
9.050413
15.189020
13.554417
8.841405
7.037654
9.436750
10.276983
11.788565
9.616580
11.421847
6.227440
10.687693
5.595782
11.080562
17.445800
4.022537
5.936735
10.977354
6.928484
10.661352
7.663144
14.122312
9.751460
10.707307
10.109593
8.396730
3.176590
12.213607
8.149735
6.682623
7.964991
11.612364
9.420793
13.039717
11.535544
12.401685
8.385808
11.936246
16.912897
8.232635
4.616330
9.748358
8.250592
14.404080
9.480079
16.029895
15.073861
16.930433
5.064385
11.597158
9.226395
15.983555
10.067986
9.633506
7.932100
9.922898
4.963406
11.087287
13.908512
6.672936
9.922851
8.400675
11.830814
13.215395
8.950340
7.465912
9.511382
8.728865
9.250813
5.291794
8.129105
12.690102
11.039406
8.577814
8.753324
9.947895
13.606236
11.961805
12.105721
10.944476
7.625336
11.480816
9.669043
14.062914
13.484427
13.156265
10.029130
10.922443
9.973260
12.588157
13.615879
9.785124
10.552395
7.603658
13.601552
14.689397
9.726680
10.027481
7.470944
8.264166
8.625429
7.551093
15.207676
6.184914
6.063592
11.662418
6.802625
6.120654
4.644185
9.390067
11.839624
8.634110
9.257970
13.550395
9.893462
6.459148
8.867044
10.082960
10.764176
3.868598
6.923840
14.593355
6.961723
8.716853
8.623706
14.046231
8.534252
15.868781
5.049439
11.306941
8.616802
16.073345
8.061869
12.499898
10.384089
15.760818
6.574570
11.131117
9.790210
13.901079
7.206792
7.762259
15.290100
13.330873
10.170462
15.672878
12.255435
7.828044
7.338788
8.757442
8.497477
7.935719
9.667995
8.672106
6.902103
8.417812
8.834377
8.363662
13.222212
13.123784
16.832179
10.222935
8.822719
13.930605
15.173706
8.290871
7.751183
9.096582
9.647625
3.908914
10.575112
10.503446
16.826345
6.417212
7.347489
7.997191
7.108846
12.054380
7.011373
10.604251
6.455646
8.682468
19.040515
6.712698
11.162469
8.308443
13.842282
9.918776
8.519444
8.106101
6.795490
10.462267
9.583191
9.403830
8.651683
15.854022
11.093632
10.928948
13.921040
9.084932
8.041413
14.185803
7.102453
11.056645
6.399146
7.270961
18.757704
12.511370
7.276563
7.159315
6.577867
10.999314
11.274236
4.677219
8.580822
13.378780
10.473013
7.090863
5.196109
8.238298
6.451292
9.662282
8.064465
7.501328
8.677362
12.925976
8.601893
12.696819
10.015577
7.978379
12.087416
13.545285
8.951216
8.888812
9.992996
12.841359
14.071719
10.748095
7.859429
7.946637
15.586266
7.567993
12.643156
7.551534
9.764530
10.793802
13.462743
3.811372
12.913881
9.948362
7.919297
13.957101
10.862146
13.577867
11.102470
8.771647
9.950962
6.233794
5.841745
5.915710
9.934594
8.872285
8.464251
13.713376
11.063990
17.846197
5.529643
6.954553
10.734185
13.396237
14.797813
12.792329
10.434951
7.788113
15.691851
6.609006
9.593825
7.145745
10.448206
10.396476
7.567446
7.581482
6.211161
8.001193
12.959862
8.643605
6.443114
13.742126
10.977580
8.683078
11.964534
5.888543
4.732180
7.412987
10.888191
9.228341
13.171734
10.359092
7.570265
7.748977
11.438145
7.206133
13.418530
15.747512
11.508164
6.510422
19.073307
7.663416
6.549130
9.253528
4.746480
10.504079
9.181175
6.217930
10.291703
15.429229
7.976578
13.618177
11.503654
12.151685
7.711420
5.502094
10.821814
12.835738
7.473258
7.605689
5.688830
11.299485
7.976961
9.539646
11.253617
7.535439
5.151718
8.501731
7.745833
7.196485
8.404236
17.005192
12.689519
9.764871
13.200376
8.379071
10.504748
9.331694
6.617558
10.507002
10.489034
12.200546
14.247800
10.132826
10.260501
4.114083
10.197947
9.007936
9.925509
7.752806
9.356328
10.925940
14.527559
16.221225
20.067091
8.365761
8.481340
8.439579
6.132053
7.976776
4.567954
8.246655
9.653162
11.315594
17.428998
11.592146
7.644125
8.000218
8.358140
8.165056
11.060168
8.575783
12.642001
6.928145
10.719225
5.285415
10.803108
14.526669
11.671003
9.567283
6.623282
5.323331
10.110033
8.592467
10.789648
16.313121
10.208150
13.328363
11.234296
14.708114
10.252415
5.636808
9.456282
7.373417
6.701016
9.268890
14.986307
7.225129
13.546331
11.444271
14.100377
8.451304
9.421489
16.137758
6.644211
8.369511
7.967817
7.010302
8.432532
10.629851
10.148273
7.251082
4.519044
12.141474
6.215453
7.151425
6.432260
15.552311
6.053120
8.027572
10.998818
8.528555
7.334098
7.904568
10.133048
9.274545
10.550673
13.469169
10.813338
4.962330
14.779520
13.204612
7.926103
12.644509
7.105346
11.819054
9.584879
9.274743
9.638138
13.482403
9.569414
10.637195
11.403298
7.731384
20.264786
12.864631
7.108404
11.568176
12.645502
6.453466
9.439123
6.370534
11.164593
8.219668
9.723776
13.836128
9.677841
6.409805
18.789182
10.383092
6.334276
2.075455
14.071179
8.684966
8.396816
12.840883
7.825105
8.247597
7.838884
7.840769
14.318573
12.271338
9.273122
9.284726
10.498708
9.982295
5.660041
10.408879
7.270393
8.219731
20.681115
7.774887
14.015480
12.805903
5.697143
13.350455
10.495159
6.826011
8.376889
10.941546
8.186057
7.910553
15.422121
10.780545
13.289323
6.619893
14.020123
14.705366
18.938345
8.671174
5.881641
14.797088
12.971381
8.791978
6.122624
7.610510
8.982126
6.526602
9.712212
10.803702
8.878689
18.755815
11.805720
10.075830
8.047296
11.063150
10.943181
6.269862
10.567251
10.303342
10.120716
19.044056
9.181027
12.061025
8.684450
6.864835
10.096829
10.303354
11.439896
6.066328
11.621749
8.935998
10.242358
16.169171
13.357359
6.466990
7.024775
23.230792
7.748537
9.882817
7.608237
9.777588
8.217662
9.921751
10.482469
5.512140
14.474946
11.616242
9.102247
9.293789
7.761701
9.307269
10.881126
4.900975
10.550234
12.225558
6.110746
13.509967
9.099958
14.169756
8.391415
7.095432
6.652050
9.290975
7.852177
8.053183
12.142431
13.255046
8.740670
10.501358
7.316772
10.964106
9.816708
10.747539
8.414038
8.577729
13.000750
9.405810
5.073368
9.883225
7.168265
3.565179
13.420614
19.111818
6.136021
9.999310
10.047899
5.662511
6.016334
9.348042
10.848482
14.502334
10.397041
11.385677
10.354454
11.808168
10.190992
9.085895
7.930886
7.962313
11.202630
9.537410
10.673855
3.977007
14.164265
9.043874
18.105741
8.318418
8.891995
9.145751
8.648549
11.460404
11.177208
9.207750
10.254434
13.817481
11.251187
9.491568
13.199129
8.275446
4.142332
6.878783
7.449559
10.861234
7.256785
7.381951
12.326468
11.990042
10.275524
17.964232
5.530746
6.285186
6.369885
6.558738
8.259600
10.933390
9.219821
7.429905
5.750218
6.708831
15.187280
5.170995
7.772265
9.991665
9.826474
7.040095
5.285217
13.078593
10.933505
10.363659
8.826288
7.101713
9.891242
7.806920
9.074573
7.494584
12.852292
12.637570
8.018864
10.228602
7.117110
11.441637
8.730447
8.618966
14.036574
4.604510
10.599443
20.992325
8.928098
5.993505
12.169025
11.965693
8.011445
10.668828
10.574739
8.062393
11.350889
7.145148
7.594747
15.426879
14.464215
7.382168
16.088955
12.853071
11.553072
11.491111
7.811821
7.020199
10.652782
8.696370
14.773896
4.854037
5.284740
14.652750
7.108487
8.164178
6.250421
10.549700
12.331240
9.029271
7.450545
8.395677
5.017388
10.027290
10.019096
6.754842
5.891787
6.380849
14.800062
7.501610
7.758846
16.565107
8.353276
13.270599
8.960122
7.428182
9.187751
8.975149
9.772406
6.608221
10.599128
9.285444
6.353495
6.831573
7.002303
10.530388
7.285756
10.706133
6.420721
12.642134
9.812710
9.953052
8.979852
14.499048
9.040489
11.035809
12.348315
8.214601
11.300740
9.380534
11.995807
8.855962
8.084987
11.834320
12.902248
7.340822
9.180932
14.198989
12.948109
11.936950
9.431048
8.948400
5.925207
8.702878
16.380193
7.764707
12.550146
7.608998
5.663762
9.989888
12.402103
8.912474
10.854247
10.509201
16.186815
11.771628
8.437626
10.694624
9.655620
18.863865
8.927460
10.461887
7.408761
10.933578
8.232474
8.284996
8.131338
4.213379
9.749574
7.006552
14.133277
5.575089
7.247644
7.726162
16.903744
9.200456
5.219251
11.202362
6.487592
9.460648
10.010440
5.017688
5.571694
10.325770
5.965420
6.370456
11.665994
4.589643
9.171220
8.021395
8.884677
8.086911
11.277179
10.839586
6.541716
8.744443
12.648777
8.243447
10.342836
7.198785
9.012211
9.853493
8.882969
14.164395
8.017669
10.967347
3.770185
17.755441
7.798935
5.058606
10.634460
10.476334
7.936880
11.533575
17.114617
10.547350
7.591786
13.478303
14.317619
10.756620
7.497970
12.228028
11.304812
9.851206
7.199866
13.515129
9.953769
9.108593
7.643081
16.016029
9.972155
12.111438
5.097862
7.196962
7.707516
13.506755
6.217361
7.689582
8.965254
11.585551
7.918536
12.351011
5.597915
8.642734
10.812369
13.982108
10.120218
10.169799
9.616821
13.948296
5.299541
9.489347
14.222580
7.314054
10.151699
7.667859
7.417613
7.736628
9.837474
8.728149
12.423978
10.987150
11.136191
8.716859
11.682570
7.518113
8.421438
10.772167
8.355021
17.669184
9.563664
9.885043
6.769964
14.869703
7.532690
13.198578
5.922767
8.381141
10.201418
5.066225
7.901209
13.802353
10.870117
10.404973
7.889942
15.665833
10.653972
13.251206
8.160040
8.744745
5.792249
7.568368
8.283721
5.895329
15.681978
7.653885
7.389966
13.803074
16.088110
8.808408
10.858241
5.163024
5.050377
8.062929
11.528101
7.844949
8.835752
4.362378
11.084996
17.213231
5.771233
10.506678
8.267840
8.404669
7.617615
10.271870
4.845146
9.917074
7.567041
13.634545
24.130683
13.057841
5.234459
6.722667
16.952988
10.866630
10.449247
8.303145
8.318274
9.140255
9.943523
15.766185
8.675264
5.323043
6.176572
17.930600
12.520813
6.893498
10.980465
13.890697
9.367061
6.351321
9.273197
6.985892
9.729248
14.910096
7.191204
7.092216
9.250872
9.925499
9.181026
4.106944
6.715266
7.485875
8.218120
14.854356
16.204791
9.960746
10.447878
13.614364
7.453725
13.655367
6.016134
9.195496
7.968883
12.883986
11.200164
7.232178
5.383292
6.580525
11.078306
5.756966
10.149254
9.693321
15.930911
12.834992
11.696447
13.170980
9.540335
10.637496
11.480977
4.870359
10.294565
16.292697
16.696467
12.775872
8.966158
9.885413
6.735794
7.585648
12.752514
12.153307
12.877825
6.824282
10.789219
7.811251
8.806912
10.001376
7.459780
10.921148
10.617769
6.400360
6.837515
8.037577
5.401642
13.110963
10.563862
9.878342
7.193684
6.633338
8.257514
15.555496
10.985205
13.912735
9.865987
11.644928
9.797001
8.975115
10.212746
8.212153
10.952957
6.417349
5.832700
6.326588
13.988819
10.147662
15.684203
14.762705
12.300246
10.082313
10.431719
6.632010
5.787361
14.020663
6.815553
9.352509
8.117456
11.784369
11.986636
3.048456
12.322467
8.713555
10.425619
17.147197
17.775856
7.389109
10.037466
11.001351
10.835052
7.675732
7.944634
10.765162
6.881846
11.644320
14.871986
10.610457
7.231095
6.360382
5.828970
10.855321
11.595083
10.838285
12.209126
12.217202
10.615716
12.903682
8.216508
10.780133
17.446848
12.578606
7.944235
9.392581
9.983060
8.478016
6.582618
6.303402
7.022382
8.356346
8.174878
7.402900
13.786685
11.035672
10.462839
11.955231
13.451634
8.146796
7.350294
7.709775
7.912287
5.499604
11.656701
11.091165
11.409965
14.764897
10.798888
12.239359
11.740358
10.725269
8.493896
7.559805
8.619870
12.550018
10.608615
12.974142
12.125892
14.629136
8.622120
11.343546
7.880603
6.526433
12.520732
13.788229
12.943186
11.514036
9.122792
6.978849
5.451545
9.065649
11.786700
8.915383
10.344877
7.458506
8.046362
9.533232
14.215828
12.030181
5.029377
7.513606
11.571622
7.840495
8.022368
8.044378
11.978754
8.618374
8.306553
10.009860
6.107763
8.456689
8.278292
11.947405
12.155643
14.540132
4.278688
9.913425
9.164855
6.096805
14.509781
10.590083
7.051993
13.066474
17.923559
8.989736
8.738735
9.784458
6.191010
18.249511
9.674953
13.758199
10.173808
9.564373
11.576600
10.097832
11.288247
11.544379
6.910674
5.449156
13.343129
10.531036
10.555230
8.191377
13.201828
10.579469
6.676769
11.886818
12.159003
8.593503
11.119960
20.689015
13.805409
16.422594
6.891375
5.252667
6.432605
12.797279
10.875217
9.496516
7.481646
7.653073
8.837890
5.193292
7.650908
13.795358
5.566860
6.964682
9.809384
10.864747
12.488786
10.103092
9.157383
11.466235
8.442807
14.568002
11.681398
12.741297
5.898995
9.784610
12.487373
16.385226
7.827432
7.604339
12.708522
8.551280
12.056886
10.762665
9.959170
11.571155
10.129923
14.189900
7.618017
13.137194
9.778791
12.000280
15.347558
7.474037
15.139575
6.730149
10.693640
8.857406
9.606570
5.518526
12.238675
8.590917
4.517265
10.769929
11.848435
14.781089
9.436308
9.621501
5.454314
13.441547
8.952372
6.804401
13.468054
8.140538
9.401358
8.624771
6.342945
7.166104
11.972836
8.328226
8.314119
21.155658
7.926936
12.836539
7.810006
8.899239
8.027004
11.205421
10.883184
12.464853
12.082575
12.307048
9.442570
11.907431
12.728986
7.523671
6.884862
12.901484
13.869611
11.091867
5.934217
13.139794
9.197985
6.929887
12.458404
10.877175
9.284305
6.190850
13.199625
7.223608
6.285108
10.086513
11.337028
9.184886
6.590739
10.959190
7.429360
6.717709
4.445610
12.203052
9.820036
17.154731
12.003283
8.648324
11.113568
8.274198
11.788792
11.999928
5.656573
12.459539
15.314901
7.458827
11.069804
10.311023
13.453782
9.648360
8.281408
11.424539
9.723156
6.599595
9.146548
6.440930
10.091955
11.464651
4.279449
8.977513
12.795865
10.136683
13.903325
8.103530
16.493556
11.033677
11.149159
9.686505
8.941197
8.439321
12.305791
9.016008
5.051845
9.336312
13.172541
11.069034
8.105603
9.023076
8.088956
11.281314
8.449937
10.094418
7.070589
9.018558
11.361190
5.440168
6.429235
7.957823
9.306300
9.915121
8.205262
10.760447
8.686513
9.255193
5.810244
6.417732
6.474667
12.450440
17.611520
12.570152
6.241165
8.683201
11.849787
9.161567
9.394845
5.019314
8.275210
6.821910
14.802486
12.022997
13.303340
11.549068
6.885278
10.151432
12.097652
15.749713
8.467087
7.875227
15.359577
10.459270
7.819217
9.430458
11.870367
11.771243
16.195385
10.507690
8.304890
9.213884
6.189462
7.281338
18.377268
10.571074
15.109645
10.933665
10.774672
10.078725
10.085129
9.333033
8.826531
12.687558
5.811071
11.060075
8.603422
17.677273
7.267487
10.088058
8.557017
8.964441
13.174027
10.681765
7.094147
10.617147
8.017408
8.172705
9.107677
11.159160
4.737079
6.685976
7.603162
14.111485
12.368071
14.983554
10.476242
8.303167
6.618396
6.460137
10.842936
5.918893
6.994538
11.871177
4.682300
8.252711
14.109966
8.485872
6.795645
12.244825
9.238412
11.662320
13.896271
8.422387
6.455906
7.133937
7.316627
10.474252
10.315869
11.093232
18.650767
3.829586
9.565998
8.808092
8.691245
17.915403
18.845315
8.888891
7.243044
12.211971
10.143659
12.475009
15.355442
10.599103
7.581491
15.326007
10.715483
6.978380
9.349591
9.241378
13.729025
6.952267
9.295880
7.166471
11.123417
8.628834
14.581256
15.189441
5.466267
9.194040
8.126729
7.437460
10.567851
8.904664
6.321415
10.717910
8.271698
7.722287
7.643283
10.804283
6.611263
5.231247
12.315984
9.042772
15.782682
15.061256
7.196128
5.197883
7.860988
10.375260
11.117743
8.987605
10.203206
5.588329
9.162709
8.137282
7.922599
11.896539
7.078197
13.417467
10.025472
10.796049
10.756698
10.482342
9.387191
9.348821
8.850610
8.358869
15.670331
11.428357
7.769355
12.629861
10.428498
11.338239
9.170072
15.805524
8.542432
11.679369
6.959127
9.090447
5.237047
9.728388
11.892530
4.665681
9.407218
8.458239
16.866954
11.343328
5.740534
10.130284
19.757908
5.227657
7.207653
12.942310
11.197756
5.495208
8.891476
9.198169
13.525171
5.234816
8.065200
11.690090
8.644665
7.570268
7.325241
7.923357
15.362255
9.053771
10.300009
8.537374
15.628472
9.560233
9.387012
7.600284
5.603793
7.791124
4.977783
11.315578
8.361572
4.009604
11.201251
6.003987
12.143792
9.924509
10.231950
8.589101
6.526461
7.384328
5.386520
9.905781
9.968909
8.561453
9.461173
11.850802
8.096945
10.895057
13.801766
13.473339
6.188494
11.371704
8.945519
12.679821
7.891983
15.507134
12.961636
5.204158
12.232596
15.562327
11.147439
8.814171
8.274948
14.930205
5.536739
10.449219
8.482937
9.782890
9.588074
7.044139
10.555004
14.164275
11.117150
11.421233
13.615967
5.810532
8.572493
7.947486
14.382922
13.122462
6.149865
11.916813
7.664653
6.785594
14.402457
11.150279
5.617705
8.023782
9.433261
8.185466
4.580183
8.104545
9.880403
8.451355
11.220856
6.376418
9.086650
15.217910
9.954948
7.868432
8.969290
11.325202
5.591879
11.231660
11.413043
11.945434
10.515358
15.161208
6.507773
7.664799
6.215210
9.876898
13.378487
15.264454
7.468358
8.034304
12.108335
7.812800
7.433201
13.414464
12.845185
14.921403
7.964121
11.659210
10.133041
9.573989
8.104603
10.244628
13.684108
6.553315
6.890833
19.436553
10.307325
6.841628
8.473230
8.100192
13.871276
16.542158
12.397637
9.651525
5.628635
12.416998
12.452944
5.742597
7.921986
7.828407
7.479749
10.872739
6.511268
4.728692
15.022148
6.519925
18.426566
11.464856
14.473982
9.339262
10.177637
7.480244
11.682445
7.025764
5.994103
8.578379
13.959305
12.102165
8.661008
8.747676
8.474951
11.877938
7.690463
5.916879
12.330614
11.466212
9.059953
9.475626
9.101319
5.578769
8.850519
6.525774
14.305302
11.028866
12.949028
7.393059
10.561889
12.959680
14.514657
11.465754
6.343425
8.606987
10.911212
8.589155
11.210818
5.642990
8.981534
7.848869
9.433591
10.832713
7.036906
7.731930
10.575630
13.187869
9.135223
18.380598
8.338099
8.497192
4.690988
14.785100
8.497903
12.122489
8.038077
16.686164
16.052540
9.228665
7.291036
13.542877
9.106394
5.623001
8.245950
17.837002
9.585426
10.433268
12.134060
9.392605
10.287383
6.377672
12.327449
9.954694
9.303483
14.844044
8.553138
7.973786
9.291506
8.012990
12.374663
9.738220
9.928245
10.821300
7.982780
11.678431
5.663224
6.779564
7.752618
13.464511
11.181486
11.437505
11.151997
10.625768
10.267206
11.008870
7.252601
11.204718
8.040734
9.103721
9.925880
11.990403
10.074601
10.067709
8.408608
10.756347
13.558904
12.604772
8.649493
13.551453
9.783048
7.546213
8.306150
8.232577
10.620223
9.110000
8.708775
11.130385
12.161761
11.358652
9.117316
9.626517
11.729164
8.063952
9.968441
9.304279
11.087603
9.621307
5.010703
10.599195
11.428072
8.706535
6.863400
7.753178
11.156971
6.431444
9.418894
10.782957
12.068797
9.812454
9.791127
8.450667
11.778340
7.600533
8.390677
10.249129
8.582968
9.351835
7.248198
7.086627
9.586433
7.646713
9.822245
13.675923
10.619412
9.810863
17.061004
10.306432
4.731261
14.945396
8.789051
10.639841
6.260546
7.917475
13.586653
9.413171
9.857249
7.591725
10.531082
15.356943
13.484369
6.133466
8.195356
10.670920
6.042724
4.866587
7.800304
11.893317
5.653336
12.399111
11.203219
13.362233
3.122885
12.357702
16.727411
5.094727
13.401072
10.370190
7.496902
7.011350
8.039245
9.820257
10.450666
8.079250
6.568799
9.817220
12.598056
12.980251
10.633475
9.887199
14.041353
5.590199
6.856829
9.586284
9.297204
8.986543
13.327250
8.193222
8.581335
13.174086
13.267360
13.144072
7.625147
9.224810
10.114022
8.349052
14.899891
9.885440
8.564769
9.844265
9.353377
9.358690
4.728715
13.146043
3.833097
9.851505
11.629811
13.794050
5.275628
8.646648
10.365593
8.034302
6.696752
9.961659
13.254253
6.550353
11.976792
7.513245
10.677144
11.983663
5.209943
10.857510
9.959375
5.667322
7.983970
6.580292
14.276652
14.582404
11.709081
6.111981
10.322115
7.098351
16.053061
10.000330
7.085374
10.339558
18.322069
13.941272
8.641069
8.278317
16.907195
16.713531
12.386779
4.779139
6.379656
8.331342
10.343727
17.739156
12.981362
13.406120
8.796507
6.406105
8.437064
12.569985
14.868915
11.747595
10.937834
9.854894
7.980940
8.240603
7.227815
7.795421
13.122647
15.362670
16.859415
4.373981
4.267250
18.491321
11.261322
8.547118
8.547352
6.883890
8.791182
9.944622
5.412122
7.377832
9.822462
13.071915
6.023019
8.625109
7.560368
10.478930
7.609605
9.129637
5.798804
7.468353
13.030768
7.581571
4.220129
5.299431
15.622937
8.329598
12.426512
19.738754
6.471011
6.884273
12.770363
9.880403
6.071272
5.334921
7.140513
11.225311
6.154697
11.099083
7.891266
8.384490
11.342320
7.877516
9.128051
8.479951
7.555152
16.470650
11.541760
7.919198
13.627710
6.509501
15.054203
14.328947
11.227200
4.930120
9.788573
8.055733
11.376826
11.626087
8.950789
7.291339
7.079898
7.804702
5.192143
11.464473
10.370226
12.512619
15.035247
11.441132
7.092583
5.999328
6.166004
9.880446
8.987463
11.760881
10.437628
11.722080
8.833078
